178.1114161014557
180.34970688819885
177.38250398635864
179.77011632919312
172.0430235862732
182.5241403579712
176.53032851219177
174.77853059768677
173.5556845664978
181.2624113559723
177.67901635169983
178.89272093772888
173.99460768699646
182.1063392162323
173.05467796325684
173.55802416801453
181.43448877334595
179.12995719909668
178.60702657699585
175.44310760498047
175.89112877845764
175.7296802997589
174.25268459320068
172.6326286792755
174.85393524169922
177.27022051811218
174.18626165390015
179.92147874832153
179.65026378631592
176.18497276306152
