412.5551986694336
411.0282459259033
406.4284596443176
418.594664812088
424.8339123725891
413.8293921947479
414.2073802947998
402.9010705947876
411.9407842159271
418.1237111091614
406.21626806259155
408.3692820072174
404.40593099594116
446.97960472106934
507.30655670166016
509.3979318141937
496.08715748786926
518.2445764541626
514.8259844779968
573.8150768280029
601.6998040676117
445.01074504852295
416.52275037765503
428.60388708114624
415.96925139427185
431.1149365901947
2538.8458297252655
412.64857602119446
410.7681715488434
456.51331973075867
