6.767321825027466
6.50947380065918
6.6779444217681885
6.62990927696228
6.5923686027526855
6.346040964126587
6.503709554672241
6.332105398178101
6.422167062759399
6.5393571853637695
6.398520469665527
6.324627876281738
6.50033164024353
6.594705581665039
6.492791652679443
6.614388942718506
6.309067249298096
6.423940658569336
6.2679831981658936
6.460548162460327
6.497290134429932
6.460498809814453
6.411103248596191
6.465480089187622
6.48528528213501
6.710876941680908
6.490567922592163
6.442502498626709
6.411981582641602
6.558351993560791
