818.1105124950409
826.5181350708008
797.7860221862793
836.810840845108
821.668573141098
820.6117825508118
807.1781814098358
787.2362225055695
787.4136457443237
810.3542861938477
805.8657178878784
832.9529540538788
805.7503230571747
819.4996750354767
797.8113844394684
793.9168472290039
807.8005747795105
802.2964296340942
804.469658613205
787.784558057785
789.3424532413483
835.243978023529
843.0280845165253
810.5351099967957
807.2863869667053
806.8470220565796
813.3029072284698
798.9853804111481
831.7075588703156
808.1917679309845
