51.186721086502075
52.24061846733093
52.37464880943298
53.87924361228943
52.901944160461426
51.54606008529663
52.38494658470154
52.38600468635559
52.22795128822327
53.950310468673706
52.1671359539032
51.78689742088318
52.68534016609192
54.94753694534302
52.62738561630249
51.86655282974243
52.41193604469299
52.309168338775635
52.32134509086609
52.916423082351685
52.94051814079285
53.588369846343994
52.2878623008728
52.26149249076843
53.004199266433716
52.52509832382202
53.69332933425903
51.262699604034424
54.184093952178955
52.56672430038452
